1 0.000007
2 0.000012
3 0.000017
4 0.000022
5 0.000026
6 0.000032
7 0.000037
8 0.000042
9 0.000048
10 0.000051
20 0.000103
30 0.000155
40 0.000206
50 0.000258
60 0.000309
70 0.000359
80 0.000411
90 0.000463
100 0.000513
200 0.001027
300 0.001539
400 0.002053
500 0.002565
600 0.003078
700 0.003592
800 0.004103
900 0.004617
1000 0.005130
2000 0.010259
3000 0.015389
4000 0.020517
5000 0.025646
6000 0.030774
7000 0.035944
8000 0.041062
9000 0.046164
10000 0.051291
20000 0.102605
30000 0.154026
40000 0.205199
50000 0.256453
60000 0.307742
70000 0.359038
80000 0.410359
90000 0.461615
100000 0.512945
200000 1.025844
300000 1.538742
400000 2.051686
500000 2.564683
600000 3.077499
700000 3.590775
800000 4.103575
900000 4.616318
1000000 5.129358
2000000 10.258448
3000000 15.388188
4000000 20.517778
5000000 25.646778
6000000 30.776754
7000000 35.906719
