1 0.000002
2 0.000002
3 0.000002
4 0.000003
5 0.000003
6 0.000004
7 0.000004
8 0.000005
9 0.000005
10 0.000005
20 0.000011
30 0.000015
40 0.000020
50 0.000024
60 0.000030
70 0.000034
80 0.000039
90 0.000044
100 0.000049
200 0.000095
300 0.000143
400 0.000190
500 0.000238
600 0.000284
700 0.000331
800 0.000379
900 0.000427
1000 0.000473
2000 0.000974
3000 0.001417
4000 0.001887
5000 0.002363
6000 0.002835
7000 0.003307
8000 0.003780
9000 0.004252
10000 0.004722
20000 0.009469
30000 0.014169
40000 0.018889
50000 0.023648
60000 0.028334
70000 0.033055
80000 0.037776
90000 0.042533
100000 0.053027
200000 0.094444
300000 0.141666
400000 0.188889
500000 0.236105
600000 0.283390
700000 0.330540
800000 0.377835
900000 0.424985
1000000 0.472213
2000000 0.944475
3000000 1.416852
4000000 1.888831
5000000 2.361171
6000000 2.833481
7000000 3.305698
8000000 3.777714
9000000 4.249947
10000000 4.722191
20000000 9.444413
30000000 14.166546
40000000 18.888960
50000000 23.611055
60000000 28.332932
70000000 33.057003
80000000 37.778236
90000000 42.500195
100000000 47.223438
