1 0.000001
2 0.000001
3 0.000001
4 0.000001
5 0.000002
6 0.000001
7 0.000002
8 0.000001
9 0.000001
10 0.000002
20 0.000002
30 0.000002
40 0.000003
50 0.000003
60 0.000003
70 0.000003
80 0.000004
90 0.000004
100 0.000004
200 0.000008
300 0.000010
400 0.000013
500 0.000016
600 0.000020
700 0.000023
800 0.000026
900 0.000029
1000 0.000032
2000 0.000062
3000 0.000094
4000 0.000124
5000 0.000154
6000 0.000186
7000 0.000217
8000 0.000247
9000 0.000278
10000 0.000309
20000 0.000617
30000 0.000924
40000 0.001233
50000 0.001540
60000 0.001848
70000 0.002156
80000 0.002464
90000 0.002771
100000 0.003078
200000 0.006156
300000 0.009234
400000 0.012313
500000 0.015387
600000 0.018468
700000 0.021545
800000 0.024622
900000 0.027700
1000000 0.030781
2000000 0.061588
3000000 0.092336
4000000 0.123113
5000000 0.154142
6000000 0.184660
7000000 0.215471
8000000 0.246251
9000000 0.277141
10000000 0.307762
20000000 0.615577
30000000 0.923344
40000000 1.231127
50000000 1.539332
60000000 1.846861
70000000 2.154369
80000000 2.462350
90000000 2.769982
100000000 3.077888
