1 0.000001
2 0.000001
3 0.000001
4 0.000001
5 0.000001
6 0.000002
7 0.000001
8 0.000001
9 0.000001
10 0.000001
20 0.000002
30 0.000002
40 0.000001
50 0.000002
60 0.000001
70 0.000002
80 0.000001
90 0.000002
100 0.000002
200 0.000003
300 0.000003
400 0.000003
500 0.000005
600 0.000005
700 0.000006
800 0.000007
900 0.000007
1000 0.000008
2000 0.000015
3000 0.000022
4000 0.000029
5000 0.000036
6000 0.000044
7000 0.000050
8000 0.000057
9000 0.000065
10000 0.000071
20000 0.000141
30000 0.000212
40000 0.000284
50000 0.000355
60000 0.000424
70000 0.000498
80000 0.000569
90000 0.000637
100000 0.000711
200000 0.001421
300000 0.002131
400000 0.002833
500000 0.003551
600000 0.004258
700000 0.004965
800000 0.005679
900000 0.006390
1000000 0.007096
2000000 0.014190
3000000 0.021298
4000000 0.028379
5000000 0.035481
6000000 0.042614
7000000 0.049669
8000000 0.056810
9000000 0.063856
10000000 0.070955
20000000 0.141930
30000000 0.212920
40000000 0.283848
50000000 0.354832
60000000 0.425796
70000000 0.496705
80000000 0.567676
90000000 0.638667
100000000 0.709643
